TABLE NO.     1: First Order Conditional Estimation with Interaction: Problem=1 Subproblem=0 Superproblem1=0 Iteration1=0 Superproblem2=0 Iteration2=0
 NAME         THETA1       THETA2       THETA3       THETA4       THETA5       THETA6       THETA7       SIGMA(1,1)   SIGMA(2,1)   SIGMA(2,2)   OMEGA(1,1)   OMEGA(2,1)   OMEGA(2,2)   OMEGA(3,1)   OMEGA(3,2)   OMEGA(3,3)
 THETA1        2.59757E-01  4.61463E-01 -1.19218E-01 -2.28295E-01  6.47447E-01 -6.01642E-01  1.99873E-01  1.83126E-01  0.00000E+00  0.00000E+00 -5.45142E-01  0.00000E+00  4.44641E-01  0.00000E+00  0.00000E+00  0.00000E+00
 THETA2        4.61463E-01  1.94399E+00 -8.47972E-02 -3.62467E-01  1.96149E-03 -1.41312E-01  1.34341E-03  1.27361E-01  0.00000E+00  0.00000E+00 -2.01880E-01  0.00000E+00  3.67398E-01  0.00000E+00  0.00000E+00  0.00000E+00
 THETA3       -1.19218E-01 -8.47972E-02  6.72303E-01 -4.36822E-01  2.30180E-01 -2.55856E-01 -1.28290E-01 -7.56461E-01  0.00000E+00  0.00000E+00  5.84171E-02  0.00000E+00 -3.69358E-01  0.00000E+00  0.00000E+00  0.00000E+00
 THETA4       -2.28295E-01 -3.62467E-01 -4.36822E-01  3.09634E-01 -4.26705E-01  2.42156E-01  1.13035E-01  3.52780E-02  0.00000E+00  0.00000E+00  2.28258E-01  0.00000E+00 -2.70007E-01  0.00000E+00  0.00000E+00  0.00000E+00
 THETA5        6.47447E-01  1.96149E-03  2.30180E-01 -4.26705E-01  1.20959E-01 -5.44503E-01  4.89771E-02 -5.07166E-02  0.00000E+00  0.00000E+00 -3.51993E-01  0.00000E+00  2.24683E-01  0.00000E+00  0.00000E+00  0.00000E+00
 THETA6       -6.01642E-01 -1.41312E-01 -2.55856E-01  2.42156E-01 -5.44503E-01  1.45514E-01  3.16842E-01  1.42176E-01  0.00000E+00  0.00000E+00 -3.67217E-02  0.00000E+00 -2.19551E-01  0.00000E+00  0.00000E+00  0.00000E+00
 THETA7        1.99873E-01  1.34341E-03 -1.28290E-01  1.13035E-01  4.89771E-02  3.16842E-01  1.78432E-03  1.34827E-01  0.00000E+00  0.00000E+00 -5.09810E-01  0.00000E+00 -2.18698E-01  0.00000E+00  0.00000E+00  0.00000E+00
 SIGMA(1,1)    1.83126E-01  1.27361E-01 -7.56461E-01  3.52780E-02 -5.07166E-02  1.42176E-01  1.34827E-01  1.77847E-02  0.00000E+00  0.00000E+00 -7.49170E-02  0.00000E+00  4.81580E-01  0.00000E+00  0.00000E+00  0.00000E+00
 SIGMA(2,1)    0.00000E+00  0.00000E+00  0.00000E+00  0.00000E+00  0.00000E+00  0.00000E+00  0.00000E+00  0.00000E+00  0.00000E+00  0.00000E+00  0.00000E+00  0.00000E+00  0.00000E+00  0.00000E+00  0.00000E+00  0.00000E+00
 SIGMA(2,2)    0.00000E+00  0.00000E+00  0.00000E+00  0.00000E+00  0.00000E+00  0.00000E+00  0.00000E+00  0.00000E+00  0.00000E+00  0.00000E+00  0.00000E+00  0.00000E+00  0.00000E+00  0.00000E+00  0.00000E+00  0.00000E+00
 OMEGA(1,1)   -5.45142E-01 -2.01880E-01  5.84171E-02  2.28258E-01 -3.51993E-01 -3.67217E-02 -5.09810E-01 -7.49170E-02  0.00000E+00  0.00000E+00  1.02492E-02  0.00000E+00 -1.97778E-01  0.00000E+00  0.00000E+00  0.00000E+00
 OMEGA(2,1)    0.00000E+00  0.00000E+00  0.00000E+00  0.00000E+00  0.00000E+00  0.00000E+00  0.00000E+00  0.00000E+00  0.00000E+00  0.00000E+00  0.00000E+00  0.00000E+00  0.00000E+00  0.00000E+00  0.00000E+00  0.00000E+00
 OMEGA(2,2)    4.44641E-01  3.67398E-01 -3.69358E-01 -2.70007E-01  2.24683E-01 -2.19551E-01 -2.18698E-01  4.81580E-01  0.00000E+00  0.00000E+00 -1.97778E-01  0.00000E+00  6.89843E-03  0.00000E+00  0.00000E+00  0.00000E+00
 OMEGA(3,1)    0.00000E+00  0.00000E+00  0.00000E+00  0.00000E+00  0.00000E+00  0.00000E+00  0.00000E+00  0.00000E+00  0.00000E+00  0.00000E+00  0.00000E+00  0.00000E+00  0.00000E+00  0.00000E+00  0.00000E+00  0.00000E+00
 OMEGA(3,2)    0.00000E+00  0.00000E+00  0.00000E+00  0.00000E+00  0.00000E+00  0.00000E+00  0.00000E+00  0.00000E+00  0.00000E+00  0.00000E+00  0.00000E+00  0.00000E+00  0.00000E+00  0.00000E+00  0.00000E+00  0.00000E+00
 OMEGA(3,3)    0.00000E+00  0.00000E+00  0.00000E+00  0.00000E+00  0.00000E+00  0.00000E+00  0.00000E+00  0.00000E+00  0.00000E+00  0.00000E+00  0.00000E+00  0.00000E+00  0.00000E+00  0.00000E+00  0.00000E+00  0.00000E+00
