TABLE NO.     1: First Order Conditional Estimation with Interaction: Problem=1 Subproblem=0 Superproblem1=0 Iteration1=0 Superproblem2=0 Iteration2=0
 NAME         THETA1       THETA2       THETA3       THETA4       THETA5       THETA6       THETA7       SIGMA(1,1)   SIGMA(2,1)   SIGMA(2,2)   OMEGA(1,1)   OMEGA(2,1)   OMEGA(2,2)   OMEGA(3,1)   OMEGA(3,2)   OMEGA(3,3)
 THETA1        1.45791E+02 -7.02414E+00  4.05373E+00 -2.65838E+01 -1.15100E+02  1.22252E+02 -3.29077E+03 -1.47146E+02  0.00000E+00  0.00000E+00  1.11478E+03  0.00000E+00 -5.46238E+02  0.00000E+00  0.00000E+00  0.00000E+00
 THETA2       -7.02414E+00  7.51196E-01  3.17201E-01  2.78159E+00  8.34377E+00 -4.22364E+00  7.69936E+01  2.09659E+01  0.00000E+00  0.00000E+00 -4.70572E+01  0.00000E+00 -2.97586E+00  0.00000E+00  0.00000E+00  0.00000E+00
 THETA3        4.05373E+00  3.17201E-01  1.07970E+01  1.11718E+01 -1.44255E+00  9.61755E+00 -4.15962E+02  2.56435E+02  0.00000E+00  0.00000E+00 -3.88120E+01  0.00000E+00  1.20250E+02  0.00000E+00  0.00000E+00  0.00000E+00
 THETA4       -2.65838E+01  2.78159E+00  1.11718E+01  3.42665E+01  4.25633E+01 -1.02284E+01 -3.56809E+02  2.96735E+02  0.00000E+00  0.00000E+00 -3.24827E+02  0.00000E+00  2.75430E+02  0.00000E+00  0.00000E+00  0.00000E+00
 THETA5       -1.15100E+02  8.34377E+00 -1.44255E+00  4.25633E+01  2.44680E+02 -2.72777E+01  9.20098E+02  1.84536E+02  0.00000E+00  0.00000E+00 -4.33224E+02  0.00000E+00  1.32493E+02  0.00000E+00  0.00000E+00  0.00000E+00
 THETA6        1.22252E+02 -4.22364E+00  9.61755E+00 -1.02284E+01 -2.72777E+01  1.94740E+02 -4.77718E+03 -6.48578E+01  0.00000E+00  0.00000E+00  1.08361E+03  0.00000E+00 -2.49268E+02  0.00000E+00  0.00000E+00  0.00000E+00
 THETA7       -3.29077E+03  7.69936E+01 -4.15962E+02 -3.56809E+02  9.20098E+02 -4.77718E+03  7.08272E+05 -2.07212E+04  0.00000E+00  0.00000E+00  3.33771E+04  0.00000E+00  7.76782E+04  0.00000E+00  0.00000E+00  0.00000E+00
 SIGMA(1,1)   -1.47146E+02  2.09659E+01  2.56435E+02  2.96735E+02  1.84536E+02 -6.48578E+01 -2.07212E+04  1.15173E+04  0.00000E+00  0.00000E+00 -4.49370E+03  0.00000E+00 -4.69933E+03  0.00000E+00  0.00000E+00  0.00000E+00
 SIGMA(2,1)    0.00000E+00  0.00000E+00  0.00000E+00  0.00000E+00  0.00000E+00  0.00000E+00  0.00000E+00  0.00000E+00  0.00000E+00  0.00000E+00  0.00000E+00  0.00000E+00  0.00000E+00  0.00000E+00  0.00000E+00  0.00000E+00
 SIGMA(2,2)    0.00000E+00  0.00000E+00  0.00000E+00  0.00000E+00  0.00000E+00  0.00000E+00  0.00000E+00  0.00000E+00  0.00000E+00  0.00000E+00  0.00000E+00  0.00000E+00  0.00000E+00  0.00000E+00  0.00000E+00  0.00000E+00
 OMEGA(1,1)    1.11478E+03 -4.70572E+01 -3.88120E+01 -3.24827E+02 -4.33224E+02  1.08361E+03  3.33771E+04 -4.49370E+03  0.00000E+00  0.00000E+00  2.70531E+04  0.00000E+00  3.01556E+03  0.00000E+00  0.00000E+00  0.00000E+00
 OMEGA(2,1)    0.00000E+00  0.00000E+00  0.00000E+00  0.00000E+00  0.00000E+00  0.00000E+00  0.00000E+00  0.00000E+00  0.00000E+00  0.00000E+00  0.00000E+00  0.00000E+00  0.00000E+00  0.00000E+00  0.00000E+00  0.00000E+00
 OMEGA(2,2)   -5.46238E+02 -2.97586E+00  1.20250E+02  2.75430E+02  1.32493E+02 -2.49268E+02  7.76782E+04 -4.69933E+03  0.00000E+00  0.00000E+00  3.01556E+03  0.00000E+00  4.75720E+04  0.00000E+00  0.00000E+00  0.00000E+00
 OMEGA(3,1)    0.00000E+00  0.00000E+00  0.00000E+00  0.00000E+00  0.00000E+00  0.00000E+00  0.00000E+00  0.00000E+00  0.00000E+00  0.00000E+00  0.00000E+00  0.00000E+00  0.00000E+00  0.00000E+00  0.00000E+00  0.00000E+00
 OMEGA(3,2)    0.00000E+00  0.00000E+00  0.00000E+00  0.00000E+00  0.00000E+00  0.00000E+00  0.00000E+00  0.00000E+00  0.00000E+00  0.00000E+00  0.00000E+00  0.00000E+00  0.00000E+00  0.00000E+00  0.00000E+00  0.00000E+00
 OMEGA(3,3)    0.00000E+00  0.00000E+00  0.00000E+00  0.00000E+00  0.00000E+00  0.00000E+00  0.00000E+00  0.00000E+00  0.00000E+00  0.00000E+00  0.00000E+00  0.00000E+00  0.00000E+00  0.00000E+00  0.00000E+00  0.00000E+00
